geographicDescription	northBoundingCoordinate	southBoundingCoordinate	eastBoundingCoordinate	westBoundingCoordinate
HOCU1	39.373643	39.373643	-83.007052	-83.007052
HOCU2	39.377238	39.377238	-83.007155	-83.007155
HOCU4	39.377315	39.377315	-83.002664	-83.002664
HOCU3	39.380764	39.380764	-83.007256	-83.007256
HOCU5	39.381415	39.381415	-82.975234	-82.975234
HOCU6	39.381348	39.381348	-82.979207	-82.979207
HOCU7	39.381269	39.381269	-82.983827	-82.983827
HOCU8	39.384867	39.384867	-82.983928	-82.983928
HOCU9	39.384945	39.384945	-82.979309	-82.979309
HOCU10	39.388556	39.388556	-82.979411	-82.979411
HOCU11	39.379802	39.379802	-82.977839	-82.977839
HOCU12	39.361357	39.361357	-83.099337	-83.099337
HOCU13	39.365043	39.365043	-83.094816	-83.094816
HOCU14	39.361441	39.361441	-83.094709	-83.094709
HOCU15	39.358668	39.358668	-83.09357	-83.09357
HOCU16	39.361524	39.361524	-83.09008	-83.09008
HOCU17	39.365126	39.365126	-83.090188	-83.090188
HOCU18	39.361607	39.361607	-83.085452	-83.085452
HOCU19	39.288876	39.288876	-82.92122	-82.92122
HOCU20	39.2991		39.2991		-82.920874	-82.920874
HOCU21	39.30282	39.30282	-82.921602	-82.921602
HOCU22	39.299163	39.299163	-82.917056	-82.917056
HOCU23	39.29565	39.29565	-82.916961	-82.916961
HOCU24	39.238446	39.238446	-83.222207	-83.222207
HOCU25	39.234854	39.234854	-83.222094	-83.222094
HOCU26	39.231414	39.231414	-83.221985	-83.221985
HOCU27	39.233795	39.233795	-83.215237	-83.215237
ARPO5	34.017896	34.017896	-91.346247	-91.346247
ARPO4	34.020487	34.020487	-91.349259	-91.349259
ARPO3	34.022996	34.022996	-91.346148	-91.346148
ARPO1	34.025587	34.025587	-91.349161	-91.349161
ARPO2	34.025504	34.025504	-91.343036	-91.343036
ARPO11	33.981103	33.981103	-91.267358	-91.267358
ARPO8	33.983696	33.983696	-91.270367	-91.270367
ARPO9	33.983609	33.983609	-91.264245	-91.264245
ARPO6	33.986202	33.986202	-91.267254	-91.267254
ARPO10	33.983523	33.983523	-91.258124	-91.258124
ARPO7	33.986116	33.986116	-91.261132	-91.261132
ARPO27	34.012755	34.012755	-91.343284	-91.343284
ARPO26	34.014051	34.014051	-91.34479	-91.34479
ARPO25	34.016642	34.016642	-91.347802	-91.347802
ARPO24	34.017937	34.017937	-91.349309	-91.349309
ARPO21	34.020528	34.020528	-91.352322	-91.352322
ARPO23	34.019192	34.019192	-91.347753	-91.347753
ARPO18	34.021782	34.021782	-91.350766	-91.350766
ARPO22	34.020446	34.020446	-91.346197	-91.346197
ARPO19	34.021741	34.021741	-91.347704	-91.347704
ARPO17	34.023037	34.023037	-91.34921	-91.34921
ARPO20	34.0217	34.0217	-91.344641	-91.344641
ARPO14	34.024291	34.024291	-91.347654	-91.347654
ARPO15	34.02425	34.02425	-91.344592	-91.344592
ARPO12	34.025546	34.025546	-91.346098	-91.346098
ARPO16	34.024209	34.024209	-91.341529	-91.341529
ARPO13	34.025463	34.025463	-91.339973	-91.339973
ARPO33	33.982399	33.982399	-91.268862	-91.268862
ARPO35	33.98106	33.98106	-91.264297	-91.264297
ARPO34	33.982356	33.982356	-91.265801	-91.265801
ARPO31	33.983652	33.983652	-91.267306	-91.267306
ARPO28	33.984949	33.984949	-91.268811	-91.268811
ARPO29	33.984906	33.984906	-91.26575	-91.26575
ARPO36	33.980973	33.980973	-91.258176	-91.258176
ARPO32	33.983566	33.983566	-91.261184	-91.261184
ARPO30	33.984863	33.984863	-91.262689	-91.262689
GWCA63	36.982304	36.982304	-94.357186	-94.357186
GWCA53	36.98356	36.98356	-94.358797	-94.358797
GWCA65	36.98234	36.98234	-94.354008	-94.354008
GWCA55	36.983597	36.983597	-94.35562	-94.35562
GWCA41	36.986109	36.986109	-94.358842	-94.358842
GWCA57	36.983633	36.983633	-94.352442	-94.352442
GWCA32	36.987402	36.987402	-94.357276	-94.357276
GWCA21	36.988658	36.988658	-94.358887	-94.358887
GWCA34	36.987438	36.987438	-94.354099	-94.354099
GWCA23	36.988694	36.988694	-94.35571	-94.35571
GWCA12	36.989951	36.989951	-94.357321	-94.357321
GWCA1	36.991207	36.991207	-94.358933	-94.358933
GWCA25	36.988731	36.988731	-94.352532	-94.352532
GWCA14	36.989987	36.989987	-94.354144	-94.354144
GWCA3	36.991243	36.991243	-94.355755	-94.355755
GWCA5	36.99128	36.99128	-94.352578	-94.352578
GWCA67	36.981658	36.981658	-94.357968	-94.357968
GWCA62	36.982286	36.982286	-94.358774	-94.358774
GWCA68	36.981676	36.981676	-94.35638	-94.35638
GWCA58	36.982932	36.982932	-94.357991	-94.357991
GWCA69	36.981694	36.981694	-94.354791	-94.354791
GWCA64	36.982322	36.982322	-94.355597	-94.355597
GWCA59	36.98295	36.98295	-94.356403	-94.356403
GWCA54	36.983578	36.983578	-94.357208	-94.357208
GWCA49	36.984207	36.984207	-94.358014	-94.358014
GWCA46	36.984835	36.984835	-94.358819	-94.358819
GWCA70	36.981712	36.981712	-94.353203	-94.353203
GWCA60	36.982968	36.982968	-94.354814	-94.354814
GWCA50	36.984225	36.984225	-94.356425	-94.356425
GWCA43	36.985481	36.985481	-94.358036	-94.358036
GWCA66	36.982358	36.982358	-94.35242	-94.35242
GWCA61	36.982987	36.982987	-94.353225	-94.353225
GWCA56	36.983615	36.983615	-94.354031	-94.354031
GWCA51	36.984243	36.984243	-94.354836	-94.354836
GWCA47	36.984871	36.984871	-94.355642	-94.355642
GWCA44	36.985499	36.985499	-94.356448	-94.356448
GWCA42	36.986127	36.986127	-94.357253	-94.357253
GWCA36	36.986756	36.986756	-94.358059	-94.358059
GWCA31	36.987384	36.987384	-94.358865	-94.358865
GWCA52	36.984261	36.984261	-94.353248	-94.353248
GWCA37	36.986774	36.986774	-94.35647	-94.35647
GWCA26	36.98803	36.98803	-94.358082	-94.358082
GWCA48	36.984907	36.984907	-94.352465	-94.352465
GWCA45	36.985535	36.985535	-94.35327	-94.35327
GWCA38	36.986792	36.986792	-94.354882	-94.354882
GWCA33	36.98742	36.98742	-94.355687	-94.355687
GWCA27	36.988048	36.988048	-94.356493	-94.356493
GWCA22	36.988676	36.988676	-94.357299	-94.357299
GWCA16	36.989304	36.989304	-94.358104	-94.358104
GWCA11	36.989933	36.989933	-94.35891	-94.35891
GWCA39	36.98681	36.98681	-94.353293	-94.353293
GWCA28	36.988066	36.988066	-94.354904	-94.354904
GWCA17	36.989323	36.989323	-94.356516	-94.356516
GWCA6	36.990579	36.990579	-94.358127	-94.358127
GWCA40	36.986828	36.986828	-94.351704	-94.351704
GWCA35	36.987456	36.987456	-94.35251	-94.35251
GWCA29	36.988084	36.988084	-94.353316	-94.353316
GWCA24	36.988713	36.988713	-94.354121	-94.354121
GWCA18	36.989341	36.989341	-94.354927	-94.354927
GWCA13	36.989969	36.989969	-94.355733	-94.355733
GWCA7	36.990597	36.990597	-94.356538	-94.356538
GWCA2	36.991225	36.991225	-94.357344	-94.357344
GWCA30	36.988103	36.988103	-94.351727	-94.351727
GWCA19	36.989359	36.989359	-94.353338	-94.353338
GWCA8	36.990615	36.990615	-94.35495	-94.35495
GWCA20	36.989377	36.989377	-94.351749	-94.351749
GWCA15	36.990005	36.990005	-94.352555	-94.352555
GWCA9	36.990633	36.990633	-94.353361	-94.353361
GWCA4	36.991262	36.991262	-94.354166	-94.354166
GWCA10	36.990652	36.990652	-94.351772	-94.351772
LIBO38	38.114267	38.114267	-86.997489	-86.997489
LIBO29	38.115542	38.115542	-86.999102	-86.999102
LIBO39	38.114267	38.114267	-86.994262	-86.994262
LIBO22	38.116816	38.116816	-86.997489	-86.997489
LIBO24	38.116816	38.116816	-86.994262	-86.994262
LIBO16	38.118091	38.118091	-86.995875	-86.995875
LIBO9	38.12064	38.12064	-86.995875	-86.995875
LIBO4	38.123189	38.123189	-86.995875	-86.995875
LIBO2	38.124464	38.124464	-86.997488	-86.997488
LIBO36	38.114267	38.114267	-87.000715	-87.000715
LIBO40	38.112992	38.112992	-86.997489	-86.997489
LIBO37	38.114267	38.114267	-86.999102	-86.999102
LIBO32	38.114904	38.114904	-86.999909	-86.999909
LIBO33	38.114904	38.114904	-86.998295	-86.998295
LIBO41	38.112992	38.112992	-86.994262	-86.994262
LIBO34	38.114904	38.114904	-86.996682	-86.996682
LIBO30	38.115542	38.115542	-86.997489	-86.997489
LIBO26	38.116179	38.116179	-86.998295	-86.998295
LIBO35	38.114904	38.114904	-86.995069	-86.995069
LIBO27	38.116179	38.116179	-86.996682	-86.996682
LIBO31	38.115541	38.115541	-86.994262	-86.994262
LIBO28	38.116179	38.116179	-86.995069	-86.995069
LIBO23	38.116816	38.116816	-86.995875	-86.995875
LIBO19	38.117453	38.117453	-86.996682	-86.996682
LIBO20	38.117453	38.117453	-86.995069	-86.995069
LIBO13	38.118728	38.118728	-86.996682	-86.996682
LIBO17	38.118091	38.118091	-86.994262	-86.994262
LIBO14	38.118728	38.118728	-86.995068	-86.995068
LIBO10	38.120003	38.120003	-86.995068	-86.995068
LIBO7	38.121277	38.121277	-86.996682	-86.996682
LIBO8	38.121277	38.121277	-86.995068	-86.995068
LIBO6	38.121914	38.121914	-86.995875	-86.995875
LIBO5	38.122552	38.122552	-86.995068	-86.995068
LIBO3	38.123826	38.123826	-86.995068	-86.995068
LIBO1	38.125101	38.125101	-86.995068	-86.995068
PERI99	36.420999	36.420999	-94.05574	-94.05574
PERI98	36.423576	36.423576	-94.05262	-94.05262
PERI97	36.436296	36.436296	-94.055947	-94.055947
PERI96	36.438873	36.438873	-94.052827	-94.052827
PERI92	36.441395	36.441395	-94.056016	-94.056016
PERI86	36.443916	36.443916	-94.059206	-94.059206
PERI78	36.446438	36.446438	-94.062397	-94.062397
PERI93	36.441451	36.441451	-94.049706	-94.049706
PERI87	36.443972	36.443972	-94.052895	-94.052895
PERI79	36.446494	36.446494	-94.056085	-94.056085
PERI68	36.449015	36.449015	-94.059276	-94.059276
PERI94	36.441506	36.441506	-94.043395	-94.043395
PERI88	36.444028	36.444028	-94.046584	-94.046584
PERI80	36.44655	36.44655	-94.049774	-94.049774
PERI69	36.449071	36.449071	-94.052964	-94.052964
PERI59	36.451593	36.451593	-94.056155	-94.056155
PERI49	36.454114	36.454114	-94.059345	-94.059345
PERI95	36.441561	36.441561	-94.037084	-94.037084
PERI89	36.444083	36.444083	-94.040273	-94.040273
PERI81	36.446605	36.446605	-94.043463	-94.043463
PERI70	36.449127	36.449127	-94.046653	-94.046653
PERI60	36.451648	36.451648	-94.049843	-94.049843
PERI50	36.45417	36.45417	-94.053033	-94.053033
PERI40	36.456692	36.456692	-94.056224	-94.056224
PERI30	36.459213	36.459213	-94.059414	-94.059414
PERI90	36.444138	36.444138	-94.033962	-94.033962
PERI82	36.44666	36.44666	-94.037152	-94.037152
PERI71	36.449182	36.449182	-94.040342	-94.040342
PERI61	36.451704	36.451704	-94.043531	-94.043531
PERI51	36.454226	36.454226	-94.046721	-94.046721
PERI41	36.456747	36.456747	-94.049912	-94.049912
PERI31	36.459269	36.459269	-94.053102	-94.053102
PERI21	36.461791	36.461791	-94.056293	-94.056293
PERI14	36.464312	36.464312	-94.059484	-94.059484
PERI5	36.466834	36.466834	-94.062675	-94.062675
PERI91	36.444192	36.444192	-94.027651	-94.027651
PERI83	36.446715	36.446715	-94.030841	-94.030841
PERI72	36.449237	36.449237	-94.03403	-94.03403
PERI62	36.451759	36.451759	-94.03722	-94.03722
PERI52	36.454281	36.454281	-94.04041	-94.04041
PERI42	36.456803	36.456803	-94.0436	-94.0436
PERI32	36.459325	36.459325	-94.04679	-94.04679
PERI22	36.461846	36.461846	-94.04998	-94.04998
PERI15	36.464368	36.464368	-94.053171	-94.053171
PERI6	36.46689	36.46689	-94.056362	-94.056362
PERI1	36.469411	36.469411	-94.059553	-94.059553
PERI84	36.446769	36.446769	-94.024529	-94.024529
PERI73	36.449291	36.449291	-94.027719	-94.027719
PERI63	36.451814	36.451814	-94.030908	-94.030908
PERI53	36.454336	36.454336	-94.034098	-94.034098
PERI43	36.456858	36.456858	-94.037288	-94.037288
PERI33	36.45938	36.45938	-94.040478	-94.040478
PERI23	36.461902	36.461902	-94.043668	-94.043668
PERI16	36.464424	36.464424	-94.046859	-94.046859
PERI7	36.466945	36.466945	-94.050049	-94.050049
PERI2	36.469467	36.469467	-94.05324	-94.05324
PERI85	36.446823	36.446823	-94.018218	-94.018218
PERI74	36.449345	36.449345	-94.021407	-94.021407
PERI64	36.451868	36.451868	-94.024596	-94.024596
PERI54	36.45439	36.45439	-94.027786	-94.027786
PERI44	36.456912	36.456912	-94.030976	-94.030976
PERI34	36.459435	36.459435	-94.034165	-94.034165
PERI24	36.461957	36.461957	-94.037356	-94.037356
PERI17	36.464479	36.464479	-94.040546	-94.040546
PERI8	36.467001	36.467001	-94.043736	-94.043736
PERI3	36.469522	36.469522	-94.046927	-94.046927
PERI75	36.449399	36.449399	-94.015096	-94.015096
PERI65	36.451922	36.451922	-94.018285	-94.018285
PERI55	36.454444	36.454444	-94.021474	-94.021474
PERI45	36.456967	36.456967	-94.024663	-94.024663
PERI35	36.459489	36.459489	-94.027853	-94.027853
PERI25	36.462011	36.462011	-94.031043	-94.031043
PERI18	36.464534	36.464534	-94.034233	-94.034233
PERI9	36.467056	36.467056	-94.037423	-94.037423
PERI76	36.449453	36.449453	-94.008784	-94.008784
PERI66	36.451976	36.451976	-94.011973	-94.011973
PERI56	36.454498	36.454498	-94.015162	-94.015162
PERI46	36.457021	36.457021	-94.018351	-94.018351
PERI36	36.459543	36.459543	-94.021541	-94.021541
PERI26	36.462066	36.462066	-94.024731	-94.024731
PERI19	36.464588	36.464588	-94.02792	-94.02792
PERI10	36.46711	36.46711	-94.031111	-94.031111
PERI4	36.469633	36.469633	-94.034301	-94.034301
PERI77	36.449506	36.449506	-94.002473	-94.002473
PERI67	36.452029	36.452029	-94.005661	-94.005661
PERI57	36.454552	36.454552	-94.00885	-94.00885
PERI47	36.457075	36.457075	-94.012039	-94.012039
PERI37	36.459597	36.459597	-94.015229	-94.015229
PERI27	36.46212	36.46212	-94.018418	-94.018418
PERI11	36.467165	36.467165	-94.024798	-94.024798
PERI58	36.454605	36.454605	-94.002538	-94.002538
PERI48	36.457128	36.457128	-94.005727	-94.005727
PERI38	36.459651	36.459651	-94.008916	-94.008916
PERI28	36.462174	36.462174	-94.012105	-94.012105
PERI39	36.459704	36.459704	-94.002604	-94.002604
PERI29	36.462227	36.462227	-94.005793	-94.005793
PERI20	36.46475	36.46475	-94.008982	-94.008982
PERI12	36.467273	36.467273	-94.012172	-94.012172
PERI13	36.467326	36.467326	-94.005859	-94.005859
TAPR164	38.404452	38.404452	-96.550721	-96.550721
TAPR260	38.405783	38.405783	-96.542864	-96.542864
TAPR257	38.40768	38.40768	-96.585993	-96.585993
TAPR258	38.407339	38.407339	-96.569489	-96.569489
TAPR259	38.406649	38.406649	-96.536483	-96.536483
TAPR165	38.406942	38.406942	-96.550081	-96.550081
TAPR253	38.408548	38.408548	-96.579612	-96.579612
TAPR158	38.408206	38.408206	-96.563108	-96.563108
TAPR254	38.407862	38.407862	-96.546605	-96.546605
TAPR255	38.407515	38.407515	-96.530101	-96.530101
TAPR256	38.407166	38.407166	-96.513598	-96.513598
TAPR154	38.409757	38.409757	-96.589735	-96.589735
TAPR155	38.409417	38.409417	-96.573231	-96.573231
TAPR252	38.408728	38.408728	-96.540223	-96.540223
TAPR156	38.40838	38.40838	-96.52372	-96.52372
TAPR157	38.40803	38.40803	-96.507217	-96.507217
TAPR166	38.409066	38.409066	-96.551207	-96.551207
TAPR150	38.410626	38.410626	-96.583354	-96.583354
TAPR151	38.410284	38.410284	-96.56685	-96.56685
TAPR152	38.409594	38.409594	-96.533841	-96.533841
TAPR153	38.409245	38.409245	-96.517338	-96.517338
TAPR144	38.411835	38.411835	-96.593477	-96.593477
TAPR145	38.411494	38.411494	-96.576973	-96.576973
TAPR146	38.411152	38.411152	-96.560468	-96.560468
TAPR147	38.410807	38.410807	-96.543964	-96.543964
TAPR148	38.41046	38.41046	-96.52746	-96.52746
TAPR149	38.41011	38.41011	-96.510957	-96.510957
TAPR167	38.411072	38.411072	-96.548648	-96.548648
TAPR140	38.412703	38.412703	-96.587096	-96.587096
TAPR141	38.412362	38.412362	-96.570592	-96.570592
TAPR250	38.412019	38.412019	-96.554087	-96.554087
TAPR251	38.411673	38.411673	-96.537583	-96.537583
TAPR142	38.411325	38.411325	-96.521078	-96.521078
TAPR143	38.410974	38.410974	-96.504575	-96.504575
TAPR136	38.413572	38.413572	-96.580715	-96.580715
TAPR137	38.41323	38.41323	-96.564209	-96.564209
TAPR138	38.412539	38.412539	-96.5312	-96.5312
TAPR139	38.41219	38.41219	-96.514697	-96.514697
TAPR168	38.413115	38.413115	-96.551113	-96.551113
TAPR132	38.414776	38.414776	-96.590839	-96.590839
TAPR133	38.414436	38.414436	-96.574334	-96.574334
TAPR249	38.413747	38.413747	-96.541324	-96.541324
TAPR134	38.4134	38.4134	-96.524819	-96.524819
TAPR135	38.41305	38.41305	-96.508315	-96.508315
TAPR128	38.415645	38.415645	-96.584457	-96.584457
TAPR129	38.415303	38.415303	-96.567952	-96.567952
TAPR130	38.414613	38.414613	-96.534942	-96.534942
TAPR131	38.414265	38.414265	-96.518437	-96.518437
TAPR169	38.415167	38.415167	-96.549021	-96.549021
TAPR122	38.416854	38.416854	-96.594581	-96.594581
TAPR123	38.416513	38.416513	-96.578076	-96.578076
TAPR124	38.416171	38.416171	-96.56157	-96.56157
TAPR125	38.415826	38.415826	-96.545065	-96.545065
TAPR126	38.415479	38.415479	-96.528559	-96.528559
TAPR127	38.41513	38.41513	-96.512055	-96.512055
TAPR118	38.417722	38.417722	-96.5882	-96.5882
TAPR119	38.417381	38.417381	-96.571694	-96.571694
TAPR247	38.417038	38.417038	-96.555188	-96.555188
TAPR248	38.416692	38.416692	-96.538683	-96.538683
TAPR120	38.416344	38.416344	-96.522177	-96.522177
TAPR121	38.415994	38.415994	-96.505673	-96.505673
TAPR114	38.418591	38.418591	-96.581818	-96.581818
TAPR115	38.418249	38.418249	-96.565312	-96.565312
TAPR116	38.417558	38.417558	-96.5323	-96.5323
TAPR117	38.417209	38.417209	-96.515795	-96.515795
TAPR244	38.4198	38.4198	-96.591942	-96.591942
TAPR245	38.419459	38.419459	-96.575436	-96.575436
TAPR246	38.419116	38.419116	-96.558929	-96.558929
TAPR111	38.418771	38.418771	-96.542424	-96.542424
TAPR112	38.418424	38.418424	-96.525918	-96.525918
TAPR113	38.418074	38.418074	-96.509413	-96.509413
TAPR170	38.418903	38.418903	-96.547492	-96.547492
TAPR239	38.420669	38.420669	-96.58556	-96.58556
TAPR240	38.420327	38.420327	-96.569054	-96.569054
TAPR110	38.419983	38.419983	-96.552547	-96.552547
TAPR241	38.419637	38.419637	-96.536042	-96.536042
TAPR242	38.419289	38.419289	-96.519535	-96.519535
TAPR243	38.418938	38.418938	-96.50303	-96.50303
TAPR234	38.421877	38.421877	-96.595685	-96.595685
TAPR235	38.421537	38.421537	-96.579178	-96.579178
TAPR236	38.421195	38.421195	-96.562671	-96.562671
TAPR237	38.42085	38.42085	-96.546165	-96.546165
TAPR238	38.420154	38.420154	-96.513153	-96.513153
TAPR108	38.422741	38.422741	-96.589303	-96.589303
TAPR109	38.422401	38.422401	-96.572796	-96.572796
TAPR233	38.421712	38.421712	-96.539783	-96.539783
TAPR171	38.422514	38.422514	-96.548602	-96.548602
TAPR106	38.42361	38.42361	-96.582921	-96.582921
TAPR107	38.423268	38.423268	-96.566414	-96.566414
TAPR232	38.422924	38.422924	-96.549907	-96.549907
TAPR103	38.424819	38.424819	-96.593046	-96.593046
TAPR104	38.424478	38.424478	-96.576539	-96.576539
TAPR231	38.424136	38.424136	-96.560031	-96.560031
TAPR105	38.423791	38.423791	-96.543524	-96.543524
TAPR100	38.425688	38.425688	-96.586664	-96.586664
TAPR101	38.425346	38.425346	-96.570156	-96.570156
TAPR102	38.425003	38.425003	-96.553649	-96.553649
TAPR228	38.426896	38.426896	-96.59679	-96.59679
TAPR99	38.426556	38.426556	-96.580281	-96.580281
TAPR229	38.426214	38.426214	-96.563773	-96.563773
TAPR230	38.425869	38.425869	-96.547266	-96.547266
TAPR97	38.427765	38.427765	-96.590407	-96.590407
TAPR98	38.427424	38.427424	-96.573899	-96.573899
TAPR227	38.426736	38.426736	-96.540883	-96.540883
TAPR172	38.426936	38.426936	-96.549171	-96.549171
TAPR95	38.428634	38.428634	-96.584024	-96.584024
TAPR96	38.428292	38.428292	-96.567516	-96.567516
TAPR92	38.429842	38.429842	-96.59415	-96.59415
TAPR93	38.429502	38.429502	-96.577642	-96.577642
TAPR226	38.429159	38.429159	-96.561133	-96.561133
TAPR94	38.428814	38.428814	-96.544625	-96.544625
TAPR173	38.429068	38.429068	-96.55028	-96.55028
TAPR90	38.430707	38.430707	-96.587768	-96.587768
TAPR91	38.430365	38.430365	-96.571259	-96.571259
TAPR225	38.430022	38.430022	-96.55475	-96.55475
TAPR89	38.431575	38.431575	-96.581385	-96.581385
TAPR224	38.431233	38.431233	-96.564876	-96.564876
TAPR86	38.432784	38.432784	-96.591511	-96.591511
TAPR87	38.432443	38.432443	-96.575002	-96.575002
TAPR88	38.431755	38.431755	-96.541984	-96.541984
TAPR221	38.433653	38.433653	-96.585128	-96.585128
TAPR222	38.433311	38.433311	-96.568619	-96.568619
TAPR85	38.432967	38.432967	-96.552109	-96.552109
TAPR174	38.433112	38.433112	-96.549762	-96.549762
TAPR218	38.434861	38.434861	-96.595254	-96.595254
TAPR219	38.434521	38.434521	-96.578745	-96.578745
TAPR220	38.434178	38.434178	-96.562235	-96.562235
TAPR84	38.433834	38.433834	-96.545725	-96.545725
TAPR215	38.43573	38.43573	-96.588871	-96.588871
TAPR216	38.435389	38.435389	-96.572361	-96.572361
TAPR217	38.435046	38.435046	-96.555851	-96.555851
TAPR175	38.435762	38.435762	-96.55025	-96.55025
TAPR213	38.436599	38.436599	-96.582488	-96.582488
TAPR214	38.436257	38.436257	-96.565978	-96.565978
TAPR82	38.437807	38.437807	-96.592615	-96.592615
TAPR83	38.437467	38.437467	-96.576104	-96.576104
TAPR211	38.437124	38.437124	-96.559594	-96.559594
TAPR212	38.436779	38.436779	-96.543084	-96.543084
TAPR80	38.438676	38.438676	-96.586231	-96.586231
TAPR81	38.438335	38.438335	-96.569721	-96.569721
TAPR209	38.43988	38.43988	-96.596359	-96.596359
TAPR79	38.43954	38.43954	-96.579848	-96.579848
TAPR210	38.439198	38.439198	-96.563337	-96.563337
TAPR77	38.440749	38.440749	-96.589975	-96.589975
TAPR78	38.440408	38.440408	-96.573464	-96.573464
TAPR76	38.441618	38.441618	-96.583591	-96.583591
TAPR208	38.441276	38.441276	-96.56708	-96.56708
TAPR73	38.442826	38.442826	-96.593719	-96.593719
TAPR74	38.442486	38.442486	-96.577207	-96.577207
TAPR75	38.442143	38.442143	-96.560696	-96.560696
TAPR71	38.443695	38.443695	-96.587335	-96.587335
TAPR72	38.443354	38.443354	-96.570823	-96.570823
TAPR70	38.444564	38.444564	-96.580951	-96.580951
TAPR207	38.444221	38.444221	-96.564439	-96.564439
TAPR68	38.445773	38.445773	-96.591079	-96.591079
TAPR69	38.445432	38.445432	-96.574567	-96.574567
TAPR206	38.445089	38.445089	-96.558054	-96.558054
TAPR67	38.446641	38.446641	-96.584695	-96.584695
TAPR205	38.446299	38.446299	-96.568183	-96.568183
TAPR204	38.447845	38.447845	-96.594823	-96.594823
TAPR65	38.447505	38.447505	-96.578311	-96.578311
TAPR66	38.447162	38.447162	-96.561798	-96.561798
TAPR202	38.448714	38.448714	-96.588439	-96.588439
TAPR203	38.448373	38.448373	-96.571926	-96.571926
TAPR200	38.449583	38.449583	-96.582054	-96.582054
TAPR201	38.449241	38.449241	-96.565542	-96.565542
TAPR197	38.450791	38.450791	-96.592183	-96.592183
TAPR198	38.450451	38.450451	-96.57567	-96.57567
TAPR199	38.450108	38.450108	-96.559156	-96.559156
TAPR63	38.45166	38.45166	-96.585799	-96.585799
TAPR64	38.451319	38.451319	-96.569285	-96.569285
TAPR196	38.452869	38.452869	-96.595928	-96.595928
TAPR61	38.452529	38.452529	-96.579414	-96.579414
TAPR62	38.452186	38.452186	-96.5629	-96.5629
TAPR59	38.453738	38.453738	-96.589543	-96.589543
TAPR60	38.453397	38.453397	-96.573029	-96.573029
TAPR57	38.454606	38.454606	-96.583158	-96.583158
TAPR58	38.454264	38.454264	-96.566644	-96.566644
TAPR54	38.45581	38.45581	-96.593287	-96.593287
TAPR55	38.45547	38.45547	-96.576773	-96.576773
TAPR56	38.455127	38.455127	-96.560258	-96.560258
TAPR52	38.456679	38.456679	-96.586902	-96.586902
TAPR53	38.456338	38.456338	-96.570388	-96.570388
TAPR50	38.457548	38.457548	-96.580517	-96.580517
TAPR51	38.457205	38.457205	-96.564003	-96.564003
TAPR48	38.458757	38.458757	-96.590647	-96.590647
TAPR49	38.458416	38.458416	-96.574132	-96.574132
TAPR46	38.459625	38.459625	-96.584262	-96.584262
TAPR47	38.459283	38.459283	-96.567746	-96.567746
TAPR43	38.460834	38.460834	-96.594392	-96.594392
TAPR44	38.460493	38.460493	-96.577876	-96.577876
TAPR45	38.460151	38.460151	-96.56136	-96.56136
TAPR41	38.461703	38.461703	-96.588006	-96.588006
TAPR42	38.461361	38.461361	-96.571491	-96.571491
TAPR40	38.462571	38.462571	-96.581621	-96.581621
TAPR195	38.462229	38.462229	-96.565105	-96.565105
TAPR38	38.46378	38.46378	-96.591751	-96.591751
TAPR39	38.463439	38.463439	-96.575235	-96.575235
TAPR37	38.464644	38.464644	-96.585365	-96.585365
TAPR194	38.464302	38.464302	-96.568849	-96.568849
TAPR193	38.465853	38.465853	-96.595497	-96.595497
TAPR36	38.465512	38.465512	-96.57898	-96.57898
TAPR34	38.466722	38.466722	-96.58911	-96.58911
TAPR35	38.46638	38.46638	-96.572594	-96.572594
TAPR33	38.46759	38.46759	-96.582724	-96.582724
TAPR31	38.468799	38.468799	-96.592856	-96.592856
TAPR32	38.468458	38.468458	-96.576338	-96.576338
TAPR29	38.469668	38.469668	-96.586469	-96.586469
TAPR30	38.469326	38.469326	-96.569952	-96.569952
TAPR192	38.470876	38.470876	-96.596602	-96.596602
TAPR28	38.470536	38.470536	-96.580083	-96.580083
TAPR26	38.471745	38.471745	-96.590215	-96.590215
TAPR27	38.471404	38.471404	-96.573697	-96.573697
TAPR25	38.472609	38.472609	-96.583828	-96.583828
TAPR191	38.472267	38.472267	-96.56731	-96.56731
TAPR24	38.473818	38.473818	-96.59396	-96.59396
TAPR190	38.473477	38.473477	-96.577442	-96.577442
TAPR188	38.474687	38.474687	-96.587573	-96.587573
TAPR189	38.474345	38.474345	-96.571055	-96.571055
TAPR187	38.475555	38.475555	-96.581187	-96.581187
TAPR186	38.476764	38.476764	-96.591319	-96.591319
TAPR23	38.476423	38.476423	-96.5748	-96.5748
TAPR22	38.477633	38.477633	-96.584932	-96.584932
TAPR185	38.477291	38.477291	-96.568413	-96.568413
TAPR20	38.478841	38.478841	-96.595065	-96.595065
TAPR21	38.478501	38.478501	-96.578545	-96.578545
TAPR18	38.47971	38.47971	-96.588678	-96.588678
TAPR19	38.479369	38.479369	-96.572158	-96.572158
TAPR17	38.480574	38.480574	-96.582291	-96.582291
TAPR15	38.481783	38.481783	-96.592423	-96.592423
TAPR16	38.481442	38.481442	-96.575903	-96.575903
TAPR13	38.482652	38.482652	-96.586036	-96.586036
TAPR14	38.48231	38.48231	-96.569516	-96.569516
TAPR184	38.48386	38.48386	-96.59617	-96.59617
TAPR12	38.48352	38.48352	-96.579649	-96.579649
TAPR10	38.484729	38.484729	-96.589782	-96.589782
TAPR11	38.484388	38.484388	-96.573261	-96.573261
TAPR9	38.485598	38.485598	-96.583394	-96.583394
TAPR7	38.486807	38.486807	-96.593528	-96.593528
TAPR8	38.486466	38.486466	-96.577007	-96.577007
TAPR5	38.487675	38.487675	-96.58714	-96.58714
TAPR6	38.487333	38.487333	-96.570619	-96.570619
TAPR4	38.488544	38.488544	-96.580752	-96.580752
TAPR2	38.489748	38.489748	-96.590886	-96.590886
TAPR3	38.489407	38.489407	-96.574364	-96.574364
TAPR183	38.490617	38.490617	-96.584498	-96.584498
TAPR162	38.491152	38.491152	-96.57511	-96.57511
TAPR163	38.491121	38.491121	-96.569925	-96.569925
TAPR160	38.491881	38.491881	-96.585287	-96.585287
TAPR159	38.49237	38.49237	-96.590672	-96.590672
TAPR161	38.492454	38.492454	-96.580093	-96.580093
TAPR182	38.492353	38.492353	-96.571722	-96.571722
TAPR181	38.493563	38.493563	-96.581856	-96.581856
TAPR176	38.494302	38.494302	-96.594147	-96.594147
TAPR180	38.494772	38.494772	-96.591991	-96.591991
TAPR1	38.494431	38.494431	-96.575468	-96.575468
TAPR178	38.49564	38.49564	-96.585603	-96.585603
TAPR179	38.495298	38.495298	-96.569079	-96.569079
TAPR177	38.496508	38.496508	-96.579214	-96.579214
WICR36	37.084112	37.084112	-93.413558	-93.413558
WICR34	37.086672	37.086672	-93.41039	-93.41039
WICR31	37.089211	37.089211	-93.413586	-93.413586
WICR37	37.084155	37.084155	-93.400829	-93.400829
WICR35	37.086694	37.086694	-93.404025	-93.404025
WICR32	37.089233	37.089233	-93.407221	-93.407221
WICR30	37.091771	37.091771	-93.410417	-93.410417
WICR27	37.09431	37.09431	-93.413614	-93.413614
WICR33	37.089255	37.089255	-93.400856	-93.400856
WICR28	37.094332	37.094332	-93.407248	-93.407248
WICR25	37.096871	37.096871	-93.410445	-93.410445
WICR22	37.099409	37.099409	-93.413642	-93.413642
WICR29	37.094354	37.094354	-93.400883	-93.400883
WICR26	37.096892	37.096892	-93.404079	-93.404079
WICR23	37.099431	37.099431	-93.407276	-93.407276
WICR20	37.10197	37.10197	-93.410472	-93.410472
WICR17	37.104508	37.104508	-93.413669	-93.413669
WICR24	37.099453	37.099453	-93.40091	-93.40091
WICR21	37.101992	37.101992	-93.404106	-93.404106
WICR18	37.10453	37.10453	-93.407303	-93.407303
WICR15	37.107069	37.107069	-93.4105	-93.4105
WICR12	37.109607	37.109607	-93.413697	-93.413697
WICR9	37.112146	37.112146	-93.416894	-93.416894
WICR5	37.114684	37.114684	-93.420092	-93.420092
WICR19	37.104552	37.104552	-93.400937	-93.400937
WICR16	37.107091	37.107091	-93.404133	-93.404133
WICR13	37.109629	37.109629	-93.40733	-93.40733
WICR10	37.112168	37.112168	-93.410527	-93.410527
WICR6	37.114706	37.114706	-93.413725	-93.413725
WICR2	37.117245	37.117245	-93.416922	-93.416922
WICR1	37.119783	37.119783	-93.42012	-93.42012
WICR14	37.109651	37.109651	-93.400964	-93.400964
WICR11	37.11219	37.11219	-93.404161	-93.404161
WICR7	37.114728	37.114728	-93.407358	-93.407358
WICR3	37.117267	37.117267	-93.410555	-93.410555
WICR8	37.11475	37.11475	-93.40099	-93.40099
WICR4	37.117289	37.117289	-93.404188	-93.404188
WICR38	37.081528	37.081528	-93.423091	-93.423091
